=~=~=~=~=~=~=~=~=~=~=~= PuTTY log 2018.05.21 23:16:51 =~=~=~=~=~=~=~=~=~=~=~=
rlll|$#|r>boo$nNbplrlr$pnlco|lbNo$l`nl orNb$ro#l"nStarted serial.
Setup motor pins
7674797
[SETUP] BOOT WAIT 4...
[SETUP] BOOT WAIT 3...
[SETUP] BOOT WAIT 2...
[SETUP] BOOT WAIT 1...
AP IP address: 
192.168.4.1
Prepare file system
File open success
File open success
00
01
03
04
addresses set
I2C scanner. Scanning ...
Found address: 12 (0xC)
Found address: 22 (0x16)
Found address: 25 (0x19)
Found address: 84 (0x54)
Found address: 104 (0x68)
Done.
Found 5 device(s).
Pixy Init
stop
areaF: 2347.83
 
 
7 -39 -8 
300 8190areaF: 2658.98
 
 
8 -39 -9 
294 8190areaF: 2887.23
 
 
7 -39 -5 
299 8190areaF: 3024.52
 
 
8 -40 -7 
290 8191areaF: 3055.38
 
 
9 -40 -9 
291 8190areaF: 2966.22
 
 
8 -39 -9 
299 8190areaF: 3006.41
 
 
7 -38 -8 
297 8191areaF: 3059.13
 
 
9 -39 -9 
287 8190areaF: 3094.43
 
 
11 -40 -6 
298 8190areaF: 3110.79
 
 
8 -41 -8 
291 8190areaF: 3074.54
 
 
10 -41 -10 
298 8190areaF: 3064.62
 
 
9 -41 -8 
274 8190areaF: 3080.50
 
 
7 -40 -8 
282 8190areaF: 3099.40
 
 
8 -39 -6 
294 8191areaF: 3134.62
 
 
11 -42 -9 
291 8190areaF: 3152.27
 
 
7 -41 -9 
294 8190areaF: 3171.98
 
 
9 -40 -9 
292 8190areaF: 3189.96
 
 
10 -39 -9 
302 8191areaF: 3206.21
 
 
7 -39 -8 
296 8190areaF: 3205.23
 
 
12 -37 -7 
299 8190areaF: 3074.88
 
 
10 -40 -10 
292 8190areaF: 3093.79
 
 
9 -38 -11 
287 8190areaF: 3111.16
 
 
10 -37 -9 
284 8191areaF: 2925.26
 
 
11 -40 -8 
279 8191areaF: 2942.19
 
 
11 -40 -8 
283 8191areaF: 2972.17
 
 
10 -39 -8 
272 8190areaF: 3003.52
 
 
8 -40 -10 
274 8190areaF: 3011.61
 
 
10 -38 -8 
265 8190areaF: 3040.27
 
 
9 -38 -8 
275 8190areaF: 2995.46
 
 
9 -40 -10 
304 8190areaF: 3014.16
 
 
9 -39 -8 
304 8191areaF: 3045.53
 
 
10 -40 -7 
306 183areaF: 3050.38
 
 
9 -40 -11 
297 8190areaF: 3065.42
 
 
8 -39 -9 
304 8190areaF: 3083.06
 
 
11 -40 -9 
303 8190areaF: 3031.32
 
 
11 -40 -9 
308 8190areaF: 3064.63
 
 
9 -38 -7 
297 8190areaF: 3085.54
 
 
10 -40 -10 
303 8190areaF: 3057.78
 
 
9 -40 -9 
289 8190areaF: 3078.88
 
 
10 -38 -8 
295 8190areaF: 3092.08
 
 
8 -38 -9 
298 8190areaF: 3100.66
 
 
11 -40 -8 
299 8190areaF: 3111.86
 
 
9 -37 -7 
293 8191areaF: 3122.75
 
 
9 -39 -9 
284 8190areaF: 3116.87
 
 
10 -39 -8 
274 8190areaF: 3098.17
 
 
11 -39 -11 
244 8190areaF: 3043.50
 
 
10 -40 -9 
245 8190areaF: 2953.43
 
 
9 -37 -8 
239 8190areaF: 2790.08
 
 
9 -41 -7 
245 8191areaF: 2631.19
 
 
12 -40 -8 
252 8191blocks not > 0
areaF: 2479.91
 
 
11 -40 -8 
250 8190blocks not > 0
areaF: 2337.41
 
 
10 -39 -7 
262 8190blocks not > 0
areaF: 2203.16
 
 
11 -39 -7 
256 8190blocks not > 0
areaF: 2076.68
 
 
8 -37 -7 
260 8190blocks not > 0
areaF: 1957.50
 
 
9 -40 -6 
263 8191blocks not > 0
areaF: 1845.20
 
 
11 -40 -6 
259 8190blocks not > 0
areaF: 1739.37
 
 
9 -40 -8 
262 8191blocks not > 0
areaF: 1639.64
 
 
9 -39 -9 
251 8190blocks not > 0
areaF: 1545.65
 
 
9 -39 -9 
264 8191blocks not > 0
areaF: 1457.07
 
 
11 -39 -8 
261 8190blocks not > 0
areaF: 1373.58
 
 
9 -40 -8 
258 8191blocks not > 0
areaF: 1294.89
 
 
8 -40 -8 
250 8190blocks not > 0
areaF: 1220.71
 
 
8 -38 -10 
254 8190blocks not > 0
areaF: 1150.80
 
 
8 -40 -10 
254 8190blocks not > 0
areaF: 1084.89
 
 
8 -40 -8 
247 8190blocks not > 0
areaF: 1022.77
 
 
10 -37 -7 
244 8190blocks not > 0
areaF: 964.21
 
 
9 -40 -10 
253 8190areaF: 951.94
 
 
9 -38 -8 
261 8190areaF: 978.05
 
 
11 -38 -7 
290 8190areaF: 1012.74
 
 
9 -39 -9 
285 8190areaF: 1083.56
 
 
9 -37 -8 
290 8190areaF: 1173.34
 
 
9 -36 -8 
295 8190areaF: 1251.79
 
 
10 -39 -9 
289 8191areaF: 1340.40
 
 
13 -38 -7 
295 8190areaF: 1436.81
 
 
9 -39 -7 
286 8190areaF: 1524.55
 
 
12 -41 -9 
283 8190areaF: 1623.01
 
 
9 -39 -9 
278 8190areaF: 1703.18
 
 
9 -39 -10 
284 8190areaF: 1788.38
 
 
10 -40 -7 
294 8190areaF: 1843.07
 
 
10 -40 -8 
289 8190areaF: 1904.41
 
 
10 -39 -6 
288 8190areaF: 1962.23
 
 
10 -40 -7 
297 8190areaF: 2001.59
 
 
9 -38 -9 
290 8191areaF: 2008.08
 
 
11 -39 -7 
299 8190areaF: 2027.64
 
 
10 -39 -9 
291 8190areaF: 2046.20
 
 
10 -37 -9 
288 8190areaF: 2037.38
 
 
10 -39 -11 
298 8190areaF: 2019.22
 
 
8 -38 -10 
299 8190areaF: 1941.73
 
 
9 -39 -9 
281 8190areaF: 1880.30
 
 
9 -38 -9 
282 8191areaF: 1802.75
 
 
9 -38 -9 
289 8191areaF: 1733.82
 
 
8 -39 -9 
285 8190areaF: 1655.67
 
 
10 -40 -10 
289 8190areaF: 1588.40
 
 
8 -37 -8 
297 8190areaF: 1521.44
 
 
9 -38 -9 
291 8191areaF: 1457.21
 
 
8 -38 -10 
299 8191areaF: 1392.72
 
 
11 -39 -10 
314 8190areaF: 1335.69
 
 
9 -39 -9 
298 8191areaF: 1277.75
 
 
8 -41 -10 
300 8191areaF: 1226.96
 
 
9 -39 -8 
296 8190areaF: 1175.23
 
 
11 -38 -9 
299 8191areaF: 1125.39
 
 
9 -41 -9 
297 8190areaF: 1074.61
 
 
8 -39 -8 
292 8190areaF: 1018.74
 
 
8 -38 -8 
307 8190areaF: 976.76
 
 
9 -38 -10 
290 8190areaF: 935.46
 
 
11 -41 -9 
295 8190areaF: 887.14
 
 
11 -38 -10 
286 8190areaF: 864.65
 
 
9 -38 -11 
298 8191areaF: 835.78
 
 
12 -39 -8 
308 266areaF: 807.52
 
 
10 -38 -9 
321 415areaF: 780.89
 
 
11 -40 -8 
312 406areaF: 747.54
 
 
11 -39 -9 
312 414blocks not > 0
areaF: 704.77
 
 
11 -39 -9 
312 419blocks not > 0
areaF: 664.45
 
 
9 -38 -9 
308 440blocks not > 0
areaF: 626.43
 
 
9 -38 -7 
315 404blocks not > 0
areaF: 590.59
 
 
8 -39 -8 
312 414blocks not > 0
areaF: 556.80
 
 
10 -38 -6 
303 379blocks not > 0
areaF: 524.94
 
 
11 -38 -9 
310 355blocks not > 0
areaF: 494.91
 
 
10 -38 -9 
301 344areaF: 476.89
 
 
9 -37 -7 
310 329areaF: 485.36
 
 
11 -39 -8 
298 8191areaF: 510.80
 
 
11 -38 -9 
296 8191areaF: 539.65
 
 
9 -38 -9 
265 8191areaF: 576.86
 
 
9 -35 -10 
261 8190areaF: 582.53
 
 
8 -36 -8 
274 8190areaF: 606.88
 
 
11 -40 -9 
251 8191areaF: 636.23
 
 
10 -37 -8 
248 8190areaF: 661.91
 
 
9 -37 -10 
247 8190areaF: 690.12
 
 
8 -38 -10 
238 8190areaF: 722.61
 
 
14 -40 -10 
242 8191areaF: 759.08
 
 
10 -38 -11 
244 8190areaF: 798.04
 
 
11 -37 -7 
246 8190areaF: 827.90
 
 
11 -39 -7 
257 8191areaF: 864.64
 
 
12 -38 -7 
256 8190areaF: 883.14
 
 
12 -38 -8 
261 8191areaF: 935.83
 
 
12 -38 -8 
259 8191areaF: 981.15
 
 
11 -39 -10 
255 8190areaF: 1069.20
 
 
10 -38 -7 
205 8191areaF: 1164.56
 
 
12 -38 -9 
157 8190areaF: 1220.95
 
 
11 -40 -7 
134 8191areaF: 1269.35
 
 
10 -37 -8 
144 8191areaF: 1290.96
 
 
13 -38 -8 
151 8190areaF: 1319.97
 
 
12 -38 -7 
149 8190areaF: 1338.68
 
 
11 -40 -8 
135 8191areaF: 1438.31
 
 
11 -39 -10 
130 8191areaF: 1480.63
 
 
10 -41 -8 
128 8191areaF: 1481.74
 
 
12 -38 -8 
131 8191areaF: 1465.45
 
 
12 -38 -8 
129 8190areaF: 1471.72
 
 
11 -38 -8 
126 8190areaF: 1493.70
 
 
10 -38 -8 
122 8190areaF: 1521.76
 
 
13 -38 -10 
126 8190areaF: 1530.81
 
 
11 -37 -7 
128 8190areaF: 1518.92
 
 
11 -39 -7 
128 8191areaF: 1474.24
 
 
11 -37 -8 
127 8191areaF: 1404.31
 
 
12 -39 -6 
126 8191areaF: 1360.58
 
 
13 -39 -8 
127 8191areaF: 1343.38
 
 
12 -37 -6 
129 8191areaF: 1295.70
 
 
11 -38 -7 
127 8190areaF: 1280.27
 
 
10 -39 -9 
124 8190areaF: 1257.48
 
 
10 -41 -8 
126 8190areaF: 1211.80
 
 
12 -38 -10 
125 8191areaF: 1198.08
 
 
12 -38 -7 
123 8191areaF: 1184.97
 
 
10 -39 -7 
126 8191areaF: 1182.05
 
 
10 -38 -8 
123 8190areaF: 1164.43
 
 
13 -39 -8 
124 8190areaF: 1132.25
 
 
11 -38 -9 
123 8190areaF: 1081.89
 
 
12 -37 -7 
124 8191areaF: 1036.29
 
 
13 -37 -6 
123 8190areaF: 993.48
 
 
11 -38 -10 
123 8190areaF: 967.76
 
 
12 -37 -10 
122 8191areaF: 932.99
 
 
11 -36 -8 
124 8191areaF: 918.97
 
 
13 -37 -6 
121 8191areaF: 874.63
 
 
12 -38 -9 
124 8191areaF: 831.11
 
 
12 -38 -8 
125 8191areaF: 804.16
 
 
11 -38 -7 
125 8190areaF: 796.82
 
 
12 -38 -8 
129 8190areaF: 775.26
 
 
14 -37 -12 
122 8191areaF: 760.43
 
 
10 -38 -9 
134 8190areaF: 722.07
 
 
12 -38 -8 
134 8190areaF: 710.97
 
 
12 -39 -10 
125 8190areaF: 675.90
 
 
13 -38 -10 
129 8190areaF: 684.43
 
 
12 -39 -8 
127 8190areaF: 674.10
 
 
12 -36 -8 
127 8190areaF: 649.55
 
 
12 -40 -8 
130 8190areaF: 647.41
 
 
11 -37 -8 
130 8190areaF: 679.02
 
 
12 -39 -11 
129 8191areaF: 644.18
 
 
13 -38 -9 
132 8190areaF: 648.51
 
 
14 -39 -10 
131 8191areaF: 630.18
 
 
10 -40 -9 
128 8191areaF: 628.45
 
 
12 -39 -8 
129 8191areaF: 630.54
 
 
12 -39 -8 
130 8190areaF: 629.48
 
 
11 -38 -9 
130 8191areaF: 634.77
 
 
12 -36 -9 
127 8190blocks not > 0
areaF: 598.46
 
 
14 -39 -8 
122 8191blocks not > 0
areaF: 564.21
 
 
13 -40 -8 
126 8191areaF: 540.17
 
 
11 -39 -10 
127 8190areaF: 520.59
 
 
12 -38 -7 
123 8191areaF: 513.87
 
 
14 -38 -9 
127 8190areaF: 538.93
 
 
13 -39 -8 
124 8191areaF: 549.01
 
 
14 -37 -11 
119 8191blocks not > 0
areaF: 517.60
 
 
13 -39 -9 
133 8190areaF: 495.13
 
 
15 -39 -9 
135 8191areaF: 484.54
 
 
12 -39 -10 
152 8191areaF: 589.10
 
 
13 -39 -9 
200 8191areaF: 778.76
 
 
12 -37 -7 
243 8190areaF: 929.71
 
 
13 -41 -9 
263 8191areaF: 1090.50
 
 
14 -36 -9 
272 8191areaF: 1216.12
 
 
12 -38 -9 
283 8190areaF: 1218.28
 
 
11 -38 -9 
283 8190areaF: 1207.28
 
 
12 -39 -10 
296 8190areaF: 1230.32
 
 
11 -38 -9 
287 8190areaF: 1239.69
 
 
12 -38 -8 
282 8191areaF: 1198.11
 
 
14 -36 -8 
286 8191areaF: 1198.22
 
 
13 -39 -10 
284 8191areaF: 1225.78
 
 
12 -40 -11 
281 8191areaF: 1244.79
 
 
12 -37 -8 
263 8191areaF: 1247.66
 
 
12 -39 -10 
264 8191areaF: 1224.17
 
 
11 -38 -10 
251 8191areaF: 1171.29
 
 
12 -37 -9 
240 8191blocks not > 0
areaF: 1104.28
 
 
12 -39 -9 
243 8191blocks not > 0
areaF: 1041.09
 
 
13 -38 -9 
236 8191blocks not > 0
areaF: 981.53
 
 
12 -36 -8 
239 8190blocks not > 0
areaF: 925.37
 
 
12 -38 -9 
240 8190blocks not > 0
areaF: 872.43
 
 
12 -37 -9 
241 8191blocks not > 0
areaF: 822.51
 
 
12 -39 -9 
234 8190blocks not > 0
areaF: 775.45
 
 
12 -37 -9 
231 8190blocks not > 0
areaF: 731.08
 
 
14 -38 -10 
241 8191blocks not > 0
areaF: 689.25
 
 
13 -37 -10 
228 8191blocks not > 0
areaF: 649.82
 
 
12 -37 -11 
225 8191blocks not > 0
areaF: 612.64
 
 
15 -37 -10 
230 8191blocks not > 0
areaF: 577.59
 
 
13 -38 -8 
228 8191blocks not > 0
areaF: 544.54
 
 
12 -36 -9 
236 8190blocks not > 0
areaF: 513.38
 
 
11 -38 -8 
231 8190blocks not > 0
areaF: 484.01
 
 
11 -37 -10 
244 8190blocks not > 0
areaF: 456.32
 
 
11 -36 -8 
244 8191blocks not > 0
areaF: 430.21
 
 
16 -37 -10 
245 8191blocks not > 0
areaF: 405.60
 
 
13 -37 -8 
269 8191areaF: 425.64
 
 
12 -37 -8 
286 8191areaF: 452.56
 
 
14 -35 -8 
277 8191areaF: 484.33
 
 
12 -38 -8 
265 8190areaF: 511.55
 
 
11 -36 -8 
279 8191areaF: 539.95
 
 
14 -35 -7 
287 8191areaF: 563.99
 
 
13 -37 -7 
284 8191areaF: 576.35
 
 
10 -40 -8 
292 8190areaF: 589.49
 
 
13 -37 -8 
284 8191areaF: 610.69
 
 
13 -37 -8 
293 8190areaF: 621.86
 
 
11 -38 -7 
303 45areaF: 616.49
 
 
10 -37 -8 
304 274areaF: 624.64
 
 
13 -38 -7 
296 320areaF: 617.17
 
 
11 -37 -6 
303 308areaF: 609.03
 
 
13 -38 -7 
303 323areaF: 601.42
 
 
13 -37 -8 
298 369areaF: 595.22
 
 
13 -38 -8 
309 8191areaF: 574.55
 
 
13 -37 -9 
308 8191areaF: 543.51
 
 
11 -38 -8 
306 8191areaF: 513.96
 
 
14 -38 -6 
306 8190blocks not > 0
areaF: 484.55
 
 
13 -37 -8 
310 8191blocks not > 0
areaF: 456.83
 
 
11 -38 -10 
296 8191blocks not > 0
areaF: 430.69
 
 
14 -37 -7 
288 8190blocks not > 0
areaF: 406.05
 
 
13 -37 -8 
279 8191blocks not > 0
areaF: 382.82
 
 
13 -36 -8 
273 8190blocks not > 0
areaF: 360.91
 
 
12 -38 -8 
264 8191blocks not > 0
areaF: 340.26
 
 
15 -36 -8 
265 8191blocks not > 0
areaF: 320.80
 
 
14 -38 -8 
253 8190blocks not > 0
areaF: 302.44
 
 
12 -39 -8 
241 8191blocks not > 0
areaF: 285.14
 
 
13 -37 -9 
245 8191blocks not > 0
areaF: 268.82
 
 
14 -36 -6 
228 8191blocks not > 0
areaF: 253.44
 
 
12 -38 -9 
232 8190blocks not > 0
areaF: 238.94
 
 
13 -37 -9 
227 8191blocks not > 0
areaF: 225.27
 
 
10 -34 -8 
243 8191blocks not > 0
areaF: 212.38
 
 
12 -38 -10 
249 8191blocks not > 0
areaF: 200.23
 
 
13 -37 -8 
254 8191areaF: 227.68
 
 
12 -37 -10 
268 8191areaF: 263.74
 
 
14 -37 -6 
268 8191areaF: 314.57
 
 
13 -37 -10 
270 8191areaF: 366.60
 
 
14 -38 -8 
270 8190areaF: 415.71
 
 
12 -38 -9 
265 8191areaF: 466.99
 
 
12 -36 -8 
266 8191areaF: 527.24
 
 
12 -38 -10 
271 8191areaF: 571.57
 
 
14 -39 -7 
263 8191areaF: 632.70
 
 
13 -37 -7 
261 8191areaF: 689.65
 
 
14 -39 -8 
240 8191areaF: 763.47
 
 
12 -36 -9 
248 8191areaF: 813.51
 
 
12 -38 -8 
240 8191areaF: 890.66
 
 
10 -39 -8 
238 8191areaF: 942.69
 
 
14 -37 -9 
247 8191areaF: 994.32
 
 
14 -38 -9 
248 8190areaF: 1040.41
 
 
13 -38 -9 
242 8191areaF: 1038.90
 
 
12 -39 -10 
240 8190areaF: 1063.91
 
 
12 -37 -10 
239 8191areaF: 1108.60
 
 
12 -38 -10 
243 8191areaF: 1152.74
 
 
15 -36 -8 
247 8191areaF: 1185.19
 
 
12 -37 -9 
248 8191areaF: 1228.15
 
 
12 -39 -11 
250 8191areaF: 1271.05
 
 
12 -40 -9 
241 8190areaF: 1288.44
 
 
13 -36 -7 
238 8190areaF: 1312.10
 
 
12 -36 -9 
248 8191areaF: 1334.87
 
 
13 -39 -8 
237 8191areaF: 1356.68
 
 
12 -38 -9 
248 8190areaF: 1384.62
 
 
13 -38 -9 
239 8191areaF: 1375.88
 
 
13 -38 -9 
241 8190areaF: 1337.39
 
 
13 -38 -8 
239 8191areaF: 1332.21
 
 
13 -38 -9 
242 8191areaF: 1377.06
 
 
13 -38 -10 
232 8191areaF: 1398.68
 
 
12 -36 -10 
237 8191areaF: 1431.94
 
 
14 -36 -9 
237 8191areaF: 1455.58
 
 
11 -36 -9 
234 8190areaF: 1477.57
 
 
14 -37 -9 
239 8191areaF: 1498.59
 
 
13 -39 -11 
239 8190areaF: 1528.71
 
 
14 -38 -11 
239 8191areaF: 1559.68
 
 
11 -39 -10 
245 8191areaF: 1552.55
 
 
13 -40 -9 
247 8191areaF: 1567.05
 
 
14 -38 -8 
237 8190areaF: 1562.98
 
 
13 -38 -9 
251 8190areaF: 1531.46
 
 
11 -38 -8 
249 8191areaF: 1532.98
 
 
13 -38 -9 
245 8191areaF: 1548.60
 
 
14 -37 -7 
242 8190areaF: 1563.33
 
 
12 -39 -8 
244 8191areaF: 1565.20
 
 
11 -38 -8 
241 8191areaF: 1588.93
 
 
12 -38 -9 
250 8190areaF: 1611.30
 
 
11 -36 -9 
247 8191areaF: 1631.71
 
 
14 -37 -8 
233 8191areaF: 1545.79
 
 
14 -36 -8 
227 8191areaF: 1459.07
 
 
12 -36 -9 
229 8191blocks not > 0
areaF: 1375.58
 
 
12 -35 -7 
233 8190blocks not > 0
areaF: 1296.88
 
 
12 -37 -8 
233 8191blocks not > 0
areaF: 1222.68
 
 
14 -38 -11 
226 8191blocks not > 0
areaF: 1152.72
 
 
14 -35 -9 
246 8191blocks not > 0
areaF: 1086.77
 
 
12 -37 -12 
234 8191blocks not > 0
areaF: 1024.59
 
 
12 -36 -9 
244 8191blocks not > 0
areaF: 965.97
 
 
13 -36 -7 
246 8190areaF: 911.85
 
 
12 -36 -8 
244 8190blocks not > 0
areaF: 859.67
 
 
13 -37 -9 
235 8190blocks not > 0
areaF: 810.49
 
 
13 -37 -9 
227 8191blocks not > 0
areaF: 764.12
 
 
14 -37 -8 
224 8191blocks not > 0
areaF: 720.40
 
 
14 -37 -8 
258 8190blocks not > 0
areaF: 679.18
 
 
13 -36 -7 
285 8191blocks not > 0
areaF: 640.32
 
 
14 -39 -7 
275 8191blocks not > 0
areaF: 603.68
 
 
12 -35 -8 
273 8191blocks not > 0
areaF: 569.14
 
 
13 -37 -9 
282 8191blocks not > 0
areaF: 536.58
 
 
14 -37 -11 
281 8190blocks not > 0
areaF: 505.88
 
 
12 -36 -8 
278 8190areaF: 479.68
 
 
13 -38 -10 
276 8190blocks not > 0
areaF: 452.24
 
 
14 -36 -9 
287 8191blocks not > 0
areaF: 426.36
 
 
14 -37 -9 
293 8191blocks not > 0
areaF: 401.97
 
 
13 -37 -8 
273 8191blocks not > 0
areaF: 378.97
 
 
13 -38 -8 
277 8191blocks not > 0
areaF: 357.29
 
 
14 -37 -10 
278 8191blocks not > 0
areaF: 336.84
 
 
13 -38 -8 
282 8191blocks not > 0
areaF: 317.57
 
 
12 -38 -8 
277 8191blocks not > 0
areaF: 299.40
 
 
13 -39 -9 
280 8191blocks not > 0
areaF: 282.27
 
 
12 -37 -9 
269 8191blocks not > 0
areaF: 266.12
 
 
14 -38 -7 
272 8191blocks not > 0
areaF: 250.90
 
 
13 -37 -8 
265 8191blocks not > 0
areaF: 236.54
 
 
12 -37 -11 
267 8190blocks not > 0
areaF: 223.01
 
 
13 -38 -7 
257 8191blocks not > 0
areaF: 210.25
 
 
12 -38 -7 
268 8191blocks not > 0
areaF: 198.22
 
 
14 -37 -8 
264 8191blocks not > 0
areaF: 186.88
 
 
13 -38 -8 
273 8191blocks not > 0
areaF: 176.19
 
 
12 -37 -9 
304 8190blocks not > 0
areaF: 166.10
 
 
13 -37 -7 
305 8191blocks not > 0
areaF: 156.60
 
 
14 -36 -8 
303 8191blocks not > 0
areaF: 147.64
 
 
12 -37 -7 
301 8190blocks not > 0
areaF: 139.19
 
 
12 -38 -9 
297 8191blocks not > 0
areaF: 131.23
 
 
13 -38 -8 
295 8191blocks not > 0
areaF: 123.72
 
 
14 -37 -7 
294 8191blocks not > 0
areaF: 116.64
 
 
15 -36 -9 
298 8190blocks not > 0
areaF: 109.97
 
 
14 -37 -6 
296 8191blocks not > 0
areaF: 103.68
 
 
13 -38 -11 
285 8191blocks not > 0
areaF: 97.75
 
 
13 -39 -8 
297 8191blocks not > 0
areaF: 92.15
 
 
13 -40 -6 
293 8191blocks not > 0
areaF: 86.88
 
 
13 -37 -8 
293 8191blocks not > 0
areaF: 81.91
 
 
12 -37 -7 
298 8191blocks not > 0
areaF: 77.22
 
 
12 -37 -8 
295 8191blocks not > 0
areaF: 72.80
 
 
15 -39 -7 
288 8191blocks not > 0
areaF: 68.64
 
 
14 -36 -9 
287 8191blocks not > 0
areaF: 64.71
 
 
13 -37 -8 
288 8191blocks not > 0
areaF: 61.01
 
 
14 -36 -10 
259 8191blocks not > 0
areaF: 57.52
 
 
14 -37 -8 
259 8190blocks not > 0
areaF: 54.23
 
 
13 -36 -8 
251 8191blocks not > 0
areaF: 51.13
 
 
15 -37 -7 
255 8191blocks not > 0
areaF: 48.20
 
 
12 -37 -8 
263 8190blocks not > 0
areaF: 45.44
 
 
13 -37 -9 
247 8190blocks not > 0
areaF: 42.84
 
 
12 -35 -11 
255 8191blocks not > 0
areaF: 40.39
 
 
14 -36 -8 
267 8191blocks not > 0
areaF: 38.08
 
 
13 -39 -10 
268 8191blocks not > 0
areaF: 35.90
 
 
14 -38 -10 
257 8191blocks not > 0
areaF: 33.85
 
 
11 -36 -8 
257 8191areaF: 33.05
 
 
13 -38 -8 
217 8191areaF: 32.71
 
 
12 -35 -6 
273 8190areaF: 197.62
 
 
13 -38 -10 
289 8191areaF: 323.69
 
 
13 -38 -10 
283 8190areaF: 393.91
 
 
12 -37 -9 
280 8191areaF: 482.08
 
 
12 -37 -6 
288 8190areaF: 582.89
 
 
13 -37 -8 
276 8191areaF: 665.34
 
 
12 -38 -10 
267 8191areaF: 681.06
 
 
13 -37 -8 
285 8190areaF: 694.16
 
 
12 -38 -9 
273 8191areaF: 757.43
 
 
14 -39 -9 
281 8191areaF: 817.42
 
 
13 -37 -6 
277 8191areaF: 864.14
 
 
13 -35 -8 
275 8191areaF: 915.63
 
 
12 -39 -8 
278 8191areaF: 971.49
 
 
14 -35 -10 
269 8191blocks not > 0
areaF: 915.91
 
 
14 -37 -8 
271 8191areaF: 979.36
 
 
14 -36 -9 
283 8191areaF: 968.99
 
 
13 -36 -10 
270 8191areaF: 993.88
 
 
13 -37 -10 
274 8191areaF: 1045.15
 
 
13 -36 -9 
270 8191areaF: 1081.01
 
 
12 -38 -9 
266 8190areaF: 1065.74
 
 
13 -37 -8 
268 8191areaF: 1127.77
 
 
13 -38 -8 
261 8191areaF: 1172.58
 
 
12 -35 -10 
257 8190areaF: 1173.92
 
 
13 -36 -10 
246 8190areaF: 1216.61
 
 
13 -40 -7 
250 8190areaF: 1256.85
 
 
13 -38 -7 
246 8191areaF: 1260.81
 
 
14 -38 -9 
224 8191areaF: 1307.11
 
 
13 -36 -8 
219 8191areaF: 1353.33
 
 
11 -37 -8 
225 8191areaF: 1358.29
 
 
13 -37 -10 
224 8191areaF: 1400.16
 
 
16 -37 -11 
221 8191areaF: 1463.14
 
 
12 -38 -7 
216 8191areaF: 1545.58
 
 
10 -38 -9 
218 8191areaF: 1596.52
 
 
14 -37 -8 
212 8191areaF: 1631.05
 
 
14 -38 -10 
210 8191areaF: 1662.63
 
 
15 -38 -10 
210 8191areaF: 1711.00
 
 
13 -37 -9 
199 8191areaF: 1771.71
 
 
15 -39 -9 
211 8191areaF: 1824.13
 
 
13 -38 -9 
206 8191areaF: 1838.03
 
 
13 -37 -9 
205 8191areaF: 1843.75
 
 
11 -38 -9 
205 8191areaF: 1872.14
 
 
13 -36 -10 
202 8191areaF: 1897.76
 
 
12 -40 -10 
203 8191areaF: 1915.29
 
 
15 -36 -10 
198 8191areaF: 1936.15
 
 
12 -38 -9 
207 8191areaF: 1950.33
 
 
15 -37 -8 
197 8191areaF: 1968.51
 
 
14 -37 -8 
199 8190areaF: 2011.16
 
 
12 -38 -7 
187 8191areaF: 2028.26
 
 
13 -38 -10 
188 8191areaF: 1977.90
 
 
13 -38 -5 
185 8191areaF: 1938.37
 
 
13 -38 -10 
191 8191areaF: 1871.80
 
 
13 -37 -8 
193 8191areaF: 1810.48
 
 
14 -38 -7 
192 8190areaF: 1827.39
 
 
13 -37 -11 
190 8190areaF: 1834.40
 
 
16 -37 -10 
178 8191areaF: 1807.43
 
 
14 -37 -8 
192 8191areaF: 1766.50
 
 
14 -38 -8 
192 8191areaF: 1761.38
 
 
11 -39 -9 
195 8191areaF: 1735.67
 
 
17 -37 -12 
191 8191areaF: 1673.61
 
 
13 -37 -9 
201 8191areaF: 1703.95
 
 
15 -40 -9 
193 8191areaF: 1728.22
 
 
14 -39 -8 
194 8191areaF: 1763.91
 
 
14 -37 -8 
197 8191areaF: 1786.57
 
 
13 -39 -11 
191 8191areaF: 1822.70
 
 
13 -37 -10 
190 8191areaF: 1844.51
 
 
16 -37 -8 
189 8191areaF: 1851.81
 
 
13 -37 -9 
186 8191areaF: 1862.29
 
 
15 -37 -8 
191 8191areaF: 1851.06
 
 
15 -36 -10 
193 8191areaF: 1856.55
 
 
13 -36 -8 
198 8191areaF: 1869.79
 
 
17 -37 -9 
191 8191areaF: 1894.46
 
 
15 -35 -9 
193 8191areaF: 1918.92
 
 
13 -38 -10 
200 8191areaF: 1929.63
 
 
13 -35 -8 
193 8191areaF: 1934.57
 
 
15 -37 -7 
194 8190areaF: 1964.12
 
 
14 -37 -8 
195 8191areaF: 2011.37
 
 
16 -37 -8 
201 8191areaF: 2037.90
 
 
14 -37 -9 
200 8191areaF: 2056.61
 
 
15 -39 -9 
202 8191areaF: 2077.40
 
 
12 -37 -9 
193 8191areaF: 2079.84
 
 
15 -35 -9 
198 8191areaF: 2096.15
 
 
16 -38 -9 
194 8191areaF: 2073.26
 
 
13 -37 -9 
201 8191areaF: 2034.97
 
 
14 -37 -9 
207 8191areaF: 2039.38
 
 
14 -37 -8 
214 8191areaF: 1974.13
 
 
15 -39 -8 
206 8191areaF: 2039.69
 
 
14 -34 -9 
207 8191areaF: 2116.38
 
 
14 -37 -9 
202 8191areaF: 2180.95
 
 
13 -37 -7 
235 8191areaF: 2283.20
 
 
15 -36 -8 
174 8191areaF: 2379.59
 
 
15 -38 -8 
123 8191areaF: 2452.85
 
 
14 -38 -8 
142 8191areaF: 2542.86
 
 
15 -38 -10 
207 8191areaF: 2599.91
 
 
13 -38 -8 
206 8191areaF: 2695.92
 
 
13 -35 -8 
105 8191areaF: 2751.08
 
 
15 -38 -8 
64 8191areaF: 2813.38
 
 
15 -35 -11 
255 8191areaF: 2844.09
 
 
15 -37 -10 
234 8191areaF: 2687.31
 
 
16 -38 -8 
130 8191blocks not > 0
areaF: 2533.56
 
 
15 -38 -8 
140 8191blocks not > 0
areaF: 2388.60
 
 
15 -37 -7 
221 8191blocks not > 0
areaF: 2251.94
 
 
13 -37 -8 
266 8191areaF: 2127.38
 
 
15 -36 -8 
264 8191areaF: 2115.17
 
 
15 -38 -8 
249 8191areaF: 2230.45
 
 
14 -38 -8 
254 8191areaF: 2319.22
 
 
16 -37 -9 
261 8190areaF: 2399.43
 
 
14 -38 -8 
278 8191areaF: 2475.04
 
 
14 -37 -9 
294 8191areaF: 2549.82
 
 
16 -37 -9 
287 8191areaF: 2616.83
 
 
16 -37 -8 
293 8191areaF: 2662.90
 
 
16 -37 -7 
314 8191areaF: 2733.33
 
 
16 -36 -9 
298 8191areaF: 2779.49
 
 
14 -38 -7 
302 8191areaF: 2826.38
 
 
16 -37 -8 
292 8191areaF: 2895.01
 
 
15 -37 -8 
285 8191areaF: 2942.21
 
 
13 -37 -8 
287 8191areaF: 2986.54
 
 
15 -36 -9 
272 8191areaF: 3042.53
 
